Adnan 80 67 55 4.2 3.75 140 150 110 90 120 90 100
Sakib 78 66 78 7.5 4 150 160 150 100 90 90 130 110
Fahim 65 70 76 6.8 3.5 130 180 150 100 100 120 120
Tasmia 80 80 80 6 3.75 140 110 130 120 120 110 100
Rakib 75 72 80 7 3.8 130 150 130 120 140 110 110
Jafar 90 90 92 8 4 130 130 140 140 120 100 110
Mustahid 70 72 72 5 3.5 140 150 130 120 140 110 110
Proma 80 67 55 7 3.75 140 120 120 120 130 110 100
Siam 78 66 78 7.5 4 150 140 180 100 100 100 120 120
Muktar 65 70 76 10 3.5 130 180 150 100 100 120 120
Noshin 80 80 80 8.9 3.75 140 180 100 100 100 120 120
Jitesh 75 72 80 7 3.8 130 180 150 100 100 120 120
Arif 90 90 92 8 4.9 130 150 130 110 110 130 150
Adnan 80 67 55 4.2 3.75 140 150 110 90 120 90 100
Sakib 78 66 78 7.5 4 150 160 150 100 90 90 130 110
Fahim 65 70 76 6.8 3.5 130 180 150 100 100 120 120
Tasmia 80 80 80 6 3.75 140 110 130 120 120 110 100
Rakib 75 72 80 7 3.8 130 150 130 120 140 110 110
Jafar 90 90 92 8 4 130 130 140 140 120 100 110
Mustahid 70 72 72 5 3.5 140 150 130 120 140 110 110
Proma 80 67 55 7 3.75 140 120 120 120 130 110 100
Siam 78 66 78 7.5 4 150 140 180 100 100 100 120 120
Muktar 65 70 76 10 3.5 130 180 150 100 100 120 120
Noshin 80 80 80 8.9 3.75 140 180 100 100 100 120 120
Jitesh 75 72 80 7 3.8 130 180 150 100 100 120 120
Arif 90 90 92 8 4.9 130 150 130 110 110 130 150
Adnan 80 67 55 4.2 3.75 140 150 110 90 120 90 100
Sakib 78 66 78 7.5 4 150 160 150 100 90 90 130 110
Fahim 65 70 76 6.8 3.5 130 180 150 100 100 120 120
Tasmia 80 80 80 6 3.75 140 110 130 120 120 110 100
Rakib 75 72 80 7 3.8 130 150 130 120 140 110 110
Jafar 90 90 92 8 4 130 130 140 140 120 100 110
Mustahid 70 72 72 5 3.5 140 150 130 120 140 110 110
Proma 80 67 55 7 3.75 140 120 120 120 130 110 100
Siam 78 66 78 7.5 4 150 140 180 100 100 100 120 120
Muktar 65 70 76 10 3.5 130 180 150 100 100 120 120
Noshin 80 80 80 8.9 3.75 140 180 100 100 100 120 120
Jitesh 75 72 80 7 3.8 130 180 150 100 100 120 120
Arif 90 90 92 8 4.9 130 150 130 110 110 130 150